---Sorted Container---
Filled Container:
Container contains 50 elements
1: It's Square Matrix: dimension = 3
3.303568 0.497757 -2.552873 
0.632984 -6.416791 0.884854 
8.001282 10.648793 7.038667 
Average 2.448693
2: It's Square Matrix: dimension = 5
-5.819483 8.795343 -9.646229 2.763939 4.893612 
-8.920743 6.345225 5.924162 2.015381 3.898312 
9.354839 4.450117 7.932707 -6.812220 6.785516 
9.981628 1.680837 -9.528306 8.672933 4.113651 
-7.126255 9.211921 5.238411 -2.144627 -7.042299 
Average 1.800735
3: It's Square Matrix: dimension = 2
5.717795 -0.866054 
-3.847468 4.951292 
Average 1.488891
4: It's Square Matrix: dimension = 7
6.228584 5.719077 -3.436659 -1.349284 -0.680837 5.634480 10.895535 
-4.506943 0.066439 -8.779748 -4.296091 -2.778466 6.857295 -0.395001 
5.235206 5.706900 -7.240974 -2.961119 -9.124546 -3.128391 4.257851 
-5.191412 2.041017 3.153600 0.488144 -1.336467 4.509079 -0.372570 
8.493484 -2.826533 1.984619 -6.555864 4.534715 -5.088870 2.169195 
-8.263192 -8.003632 1.874386 9.125401 -4.344157 0.906003 6.045289 
3.214484 10.689169 -3.397565 8.506943 6.381756 10.914121 10.591754 
Average 1.064616
5: It's Square Matrix: dimension = 18
4.962828 10.915403 2.155095 -0.303995 3.128605 -8.347148 -4.851741 2.346721 -4.467208 9.645802 8.758812 -1.833796 -1.103183 -2.245247 -9.194403 -9.037385 8.496689 2.567186 
8.795984 6.935484 5.094852 -1.787011 2.574877 -0.674429 2.113437 -0.518693 4.116855 10.690451 -8.054262 -5.495834 -4.408887 -7.678701 -3.182867 4.798761 -5.630421 -7.150609 
-0.896176 2.935698 -1.870327 10.557787 -1.488357 -4.364025 0.708609 -9.557787 -7.981201 2.552446 5.869045 -4.451827 -1.999145 7.539201 -2.376629 4.610340 4.424482 -9.325144 
4.286691 -4.467208 4.537919 -8.168340 4.898099 -2.260628 -0.051485 -0.939756 4.181585 -4.081393 8.501175 -9.413587 3.693228 -1.788934 -1.142918 7.684683 6.315744 4.345653 
-0.807093 -0.776971 -8.247810 -2.217689 7.911557 8.154454 0.184362 -8.624012 -4.228797 -0.267464 9.734886 -1.408246 5.360179 6.743217 -3.088656 1.816065 7.293100 -3.478317 
-8.329203 -0.216193 2.053835 9.047853 -8.731681 -4.347362 5.894040 -8.111942 6.546464 7.766717 10.677633 7.279000 -0.182226 6.622089 -2.909848 6.118992 9.006836 7.088656 
7.120060 -8.833583 7.186071 9.398419 -1.797266 -4.790216 2.192267 -3.055971 9.958556 3.497757 9.452895 -0.584704 8.906217 2.215339 3.692587 9.302286 5.073702 9.275369 
7.675710 -8.697714 -5.092074 -3.779534 3.631062 3.658620 9.387524 -1.496048 -6.468703 -1.044862 10.748131 7.940397 -1.132023 -4.583850 0.724631 7.601367 -9.912839 -2.777825 
-0.277718 -5.060671 -1.662038 -2.111301 7.805811 -3.571245 0.694510 -8.773339 5.938261 3.483016 -0.498184 8.930570 3.354198 0.957915 -7.992737 4.304636 0.485580 -2.995087 
-1.068575 0.186926 -0.660970 -5.448408 -4.869686 5.571032 -6.260414 2.210852 -4.983123 -7.021149 8.337107 3.875240 9.884213 8.112796 -7.212134 5.797906 3.797052 10.802606 
-2.979705 -3.569964 6.202307 1.804529 -7.020508 0.801538 3.917539 -7.542192 -0.229011 1.718009 1.650716 -6.249519 3.600299 -6.430250 -0.287332 1.807093 -6.583422 4.020722 
5.071780 9.350352 2.674215 -7.638966 -7.587695 -0.853236 -4.901730 5.814570 -5.647084 -9.011750 9.890622 -1.434523 6.474685 -6.781457 5.253151 9.804102 -8.676565 -6.643666 
4.653279 0.554155 3.040803 6.834864 5.731895 3.581713 2.772271 3.388806 4.257210 -8.850246 -4.479385 3.129887 -7.963897 9.913694 -4.407605 -6.170690 8.188421 8.726768 
10.296945 3.445204 -2.318949 -7.351207 -9.948729 0.427259 -2.450331 -8.069643 -2.443281 -2.172185 5.683828 -3.743645 -1.813929 -8.251015 10.612903 -5.970092 7.254006 5.162786 
-0.824396 -6.016877 -3.679556 -6.377056 0.493271 0.886135 0.182440 9.923948 4.143773 -9.359111 -5.288827 6.202948 -0.048921 3.549669 8.192267 6.555437 -1.709464 2.015381 
-5.681051 7.660970 5.317240 10.487289 -7.487075 4.475112 1.024567 -5.098483 -1.300577 2.504379 -0.457808 -0.575091 9.220252 -6.298227 8.572314 -2.236915 -2.975219 9.515702 
9.375988 -2.174749 9.807947 -2.888058 5.217261 4.020722 2.229438 10.321299 7.664174 -2.020936 -9.098270 -0.684042 8.662038 3.957915 -2.723991 5.578722 -3.223243 0.734886 
10.091861 4.162999 2.519761 -1.740867 -0.445631 10.799402 0.158727 -1.158940 4.883358 10.869900 7.923093 -6.832087 -8.603504 -8.217689 4.004059 4.921171 2.785089 -7.224311 
Average 0.899175
6: It's Square Matrix: dimension = 17
10.534074 2.756249 10.867977 1.670583 1.925657 -2.559282 -4.248024 9.649648 -1.250587 8.707541 -4.342235 2.044862 -3.460372 5.464644 -4.166631 0.686819 7.581500 
1.027772 5.314676 10.017518 -2.607990 4.806452 -5.508011 7.518693 0.070284 4.379620 -6.499466 -2.333048 1.044435 -5.624012 8.208289 4.086734 5.253792 -4.943388 
9.097842 -9.962828 5.292886 -6.992309 6.807306 1.916044 -5.453536 -1.146123 7.620594 0.905362 -8.142705 7.389874 9.686178 -7.553728 -8.258065 -7.949156 1.246315 
2.676138 -4.299936 -7.889554 -4.342875 7.491134 -3.358470 4.528306 1.480239 -6.599445 8.963897 -9.161718 4.427046 3.814997 -4.691519 5.003204 6.438795 -7.074984 
-7.460799 -3.380902 9.686178 -8.154241 -6.050203 9.395856 -9.242470 10.155309 -4.739586 -6.695578 4.837214 9.506088 -7.585772 -7.686392 3.130528 2.453749 2.714591 
10.102756 7.341807 4.164922 2.327494 0.670156 -6.533433 -4.842769 -1.310831 0.249733 2.691519 0.727836 4.841700 7.417432 -0.323862 4.226447 8.233924 5.818415 
-3.994232 9.836787 -4.984405 9.412519 1.083529 -6.992309 -3.644307 -0.363598 3.257424 -8.793847 7.819910 -8.595813 5.456954 10.134800 0.333048 -7.659474 3.115787 
-1.920316 -0.236061 8.151250 -8.326640 4.543046 -8.342662 5.553087 -3.577013 -1.190344 6.151036 6.651570 2.002564 10.616749 -7.399274 -4.819056 5.290963 5.567827 
6.957274 -2.486221 6.014527 10.459731 6.407392 -2.158086 -9.179022 6.173467 5.334544 8.441572 -1.880581 -1.714591 -7.893399 -3.583422 4.456526 -6.946165 3.740654 
8.846614 -7.277505 -5.058107 9.960479 8.722282 5.951720 5.325571 3.692587 -5.409955 1.014313 -8.448408 -8.477889 0.313822 -1.029481 -5.001709 8.144200 1.842341 
10.376415 -9.714805 -4.663961 -0.587909 1.310404 0.311899 5.492843 8.073061 8.419141 -4.747917 3.247169 -6.047639 -3.252724 -3.810938 -1.793420 -6.835932 9.641957 
-4.477462 -7.654347 9.761162 -5.489425 9.821406 -7.922880 -7.352489 0.716300 3.270241 9.534928 -8.145909 7.381542 -2.629139 9.102329 -3.928861 -6.601367 0.044649 
-3.282846 -7.133305 -9.587909 6.809229 -2.015809 5.481307 -3.936552 1.163640 -3.382183 -3.397565 -7.723563 -3.132878 -0.735313 2.042299 8.864559 7.232856 4.219398 
6.707327 -5.758599 5.123692 -1.926084 9.772698 0.518906 10.790429 9.832301 1.471908 3.766289 -6.792352 10.512925 4.403974 -7.280709 -4.923521 2.785089 6.759239 
3.721427 -0.867977 4.654561 3.377911 0.166417 8.929289 -1.258919 -6.949370 9.240761 8.751762 -7.825465 0.952147 -5.768853 2.803034 6.640675 -4.372356 1.191198 
8.342875 -3.394360 0.440077 -4.760735 -7.089084 -1.736381 -4.132664 9.272805 8.312754 3.214484 -3.422559 -0.619312 7.500107 6.427259 4.671224 8.737663 -3.969237 
-4.494125 -7.993377 -7.753044 4.239265 -5.204871 -8.986755 8.740867 6.786157 -5.646443 5.893399 6.988037 10.743645 3.326640 -8.378552 -3.687246 -2.133091 -5.246529 
Average 0.797708
7: It's Square Matrix: dimension = 14
6.957915 7.846828 -2.450331 7.148259 -3.720573 -2.551592 10.721854 -4.348643 3.843196 10.131596 2.769066 3.586200 -6.268746 -3.355266 
-6.066866 6.245247 5.494125 -5.458663 1.464858 -7.340953 2.203803 -1.380047 0.413160 1.841700 5.833155 -1.573595 -7.750481 3.549028 
6.098483 2.344157 8.725486 -5.666311 0.434309 4.299509 -6.130955 -2.833583 8.246742 6.624653 0.541978 -0.588549 -2.891903 -7.907498 
-6.564196 0.440077 5.051912 0.675283 9.945738 -6.342448 -2.392010 -5.963683 -8.203589 -8.772698 -4.239051 -0.693655 -3.144414 0.273446 
-7.538987 5.161504 -0.982696 -4.153813 4.859645 -3.260414 6.577868 9.424696 10.926298 1.428968 0.999573 0.239479 -8.411878 7.051485 
6.479812 6.211280 -4.924802 2.484512 2.215979 10.756462 3.590686 2.239051 8.793420 1.271950 2.002564 -9.963469 -2.423414 -8.436872 
7.680197 -0.089297 -3.461013 1.000214 -0.846828 -3.138646 -0.586627 -6.318094 6.736167 6.604785 9.579791 1.395642 8.783166 9.431104 
-6.402692 -7.354411 1.723777 5.727409 -8.210639 5.535783 -7.460799 -0.834010 -7.226234 1.787866 8.837001 -9.878872 8.362743 1.673147 
1.168126 -1.682546 -2.272805 -0.851955 5.768426 -2.741295 -6.765435 6.958556 1.346294 10.467421 -7.130741 4.012391 -3.894253 0.053621 
-7.365947 8.788293 9.638752 7.660970 -3.148259 9.069002 2.849818 10.306558 1.758385 -7.223670 8.578722 -6.842982 0.305490 -0.805170 
-8.942534 -4.232643 3.574023 -5.645161 1.878231 3.811151 0.702841 -6.131596 -7.385815 9.834223 -0.255928 5.993377 -1.241615 10.074557 
8.346721 8.201239 -7.872250 8.859432 -8.322794 -7.953642 -9.595599 7.627644 2.483230 -4.401837 -6.053407 8.099338 -4.296091 -9.770562 
2.551164 6.631062 5.539628 3.045289 -2.695791 9.277291 8.378124 5.715873 -6.812860 2.604999 2.489639 -6.981414 5.590258 -6.225806 
5.900449 -8.146550 -5.611194 -8.065798 -0.660970 4.018799 6.744499 2.449263 -1.326212 1.522538 -5.723350 10.997436 10.741722 -1.269814 
Average 0.718824
8: It's low triangle Matrix: dimension =  14 
7.239906 0 0 0 0 0 0 0 0 0 0 0 0 0 
3.384960 -1.476821 0 0 0 0 0 0 0 0 0 0 0 0 
6.229865 -6.275155 -2.051698 0 0 0 0 0 0 0 0 0 0 0 
-5.009400 3.711814 6.541337 3.964965 0 0 0 0 0 0 0 0 0 0 
-1.212134 7.047639 5.549883 9.301645 -7.529374 0 0 0 0 0 0 0 0 0 
9.599017 9.076693 -4.753685 -3.132878 2.292886 -0.399487 0 0 0 0 0 0 0 0 
-8.925230 4.513565 7.946165 1.912839 10.200171 -4.680624 -5.124760 0 0 0 0 0 0 0 
-1.599872 -8.058748 -1.612049 9.088870 7.610981 9.449690 6.372143 -7.183935 0 0 0 0 0 0 
-9.232856 6.804743 0.295877 6.692587 -3.634693 -2.165136 -3.771844 8.340953 -2.470840 0 0 0 0 0 
10.676351 -6.266823 9.663106 0.276650 -3.395001 10.488571 -3.395642 3.346507 -4.817133 -1.018586 0 0 0 0 
-7.319803 9.745781 -2.765648 -2.299081 7.040590 6.675924 7.695578 -2.285623 -3.639821 8.991455 1.863491 0 0 0 
3.042726 1.330912 -1.151250 4.079043 -3.254646 -0.962188 3.698996 3.367016 -2.886135 10.004700 -1.717795 -1.923521 0 0 
-0.117496 1.180303 -1.215339 10.043153 -9.134159 -2.338816 -7.194830 3.308695 -7.077548 7.418714 10.295663 9.930357 -4.344157 0 
3.818201 0.122196 -1.094852 4.760949 -9.788507 6.423414 0.750267 -3.584704 -7.617817 -5.610553 2.758812 -7.370434 3.127323 8.653706 
Average  0.621731 
9: It's Square Matrix: dimension = 11
6.461867 -2.618244 9.170904 -1.017945 7.037385 6.836146 -7.242897 1.920530 0.506088 9.447127 3.262551 
-7.790216 6.756676 -5.259987 -1.951079 -5.547105 -0.594958 -5.909848 -5.188849 8.612690 -2.066439 6.447127 
3.027985 -2.228584 2.032685 -1.582568 5.334544 -0.855159 -2.807306 5.621021 -7.908139 -8.502884 -1.925443 
-5.286905 -0.066866 2.629994 1.677633 -4.007691 10.571245 6.083102 5.851741 -2.007477 -3.357189 6.716941 
7.179662 8.969024 -8.114505 -9.669942 7.754540 7.678915 10.405255 10.961547 7.894253 -0.625721 7.334758 
7.038667 -6.685324 4.400769 -0.337321 -1.966460 -1.200598 6.312540 -6.498825 0.770775 4.894253 1.919248 
4.587909 2.050630 1.657765 -8.846400 7.293100 -1.251869 -2.998291 7.182226 -6.075838 1.032258 9.647084 
3.651570 0.597736 9.873318 -7.765221 -6.507157 8.464003 -9.515488 -2.386242 4.175176 -3.429609 -0.130955 
8.845973 -8.181799 -7.859432 7.105960 -2.048494 -6.920530 -4.454390 5.554369 -9.066866 6.209998 3.758599 
-2.381756 -9.894894 6.189489 9.568255 10.232856 -6.741081 5.355052 -9.668020 -5.274087 2.701132 -2.586840 
-5.444563 0.216407 -9.312326 -9.743645 4.066866 -8.802820 8.298013 7.482803 -4.915189 -7.531297 5.256996 
Average 0.578662
10: It's low triangle Matrix: dimension =  13 
10.726981 0 0 0 0 0 0 0 0 0 0 0 0 
-8.311899 -3.942320 0 0 0 0 0 0 0 0 0 0 0 
-1.929289 8.513352 4.721213 0 0 0 0 0 0 0 0 0 0 
7.062380 5.925443 2.824183 8.726127 0 0 0 0 0 0 0 0 0 
-3.457167 -0.919248 9.323435 -0.950652 8.943388 0 0 0 0 0 0 0 0 
-5.745140 0.222175 2.467849 -2.791925 1.285409 -6.530229 0 0 0 0 0 0 0 
1.237983 0.759239 -4.150609 0.728477 7.797479 -2.493271 9.033113 0 0 0 0 0 0 
2.786370 -5.848323 2.827387 1.032899 5.566546 -0.530869 -9.104678 -5.215766 0 0 0 0 0 
9.390728 -6.078402 1.289254 10.773766 7.645589 -9.696860 6.261269 5.837642 -5.480453 0 0 0 0 
2.449904 6.600940 8.221747 -7.042940 6.002350 -5.529801 0.673360 -1.512070 4.535356 -0.853877 0 0 0 
-4.132664 -2.906644 -0.410382 1.047639 2.926725 -5.236274 9.632344 -7.023072 -6.669942 6.892544 -0.519333 0 0 
-5.027985 5.988891 8.182653 -8.775262 7.672506 -4.235847 1.204657 8.169195 4.609058 6.224738 -5.725913 -3.165563 0 
-9.670583 -2.102969 4.792993 8.547319 -6.245033 -3.175817 4.723777 8.647298 2.678701 -0.314249 8.346721 -6.155309 2.817133 
Average  0.566211 
11: It's Square Matrix: dimension = 15
-4.787011 -2.270882 2.226234 9.316385 -2.336253 10.195044 10.091861 -2.202307 -6.601367 0.200385 1.186712 0.940611 -7.619098 -3.070711 -5.753471 
-9.804529 7.792993 -0.269387 -9.955779 -1.722282 -6.124546 -0.786584 5.236488 -0.731468 8.749199 -4.567186 9.932279 -6.487930 -6.153386 -9.812220 
5.920957 6.580432 0.143986 3.978423 9.934202 -4.905576 0.821406 10.632771 10.873745 -1.319803 -5.477889 8.160863 1.391156 5.837642 0.864986 
-7.158300 5.744713 -0.987182 1.363598 -7.909421 -5.678488 3.640675 -5.590045 7.131596 5.747917 -2.545183 7.480239 0.008118 9.976501 8.835078 
4.214911 6.964965 1.275796 8.475539 -8.466353 8.726768 1.511643 7.159154 -8.556719 -3.289895 0.636189 5.917753 -6.317454 -8.300363 -2.209998 
1.353984 -5.123478 -7.983764 1.917966 7.414228 9.349071 6.711814 8.310190 2.387097 10.241188 3.818842 -1.024995 -6.583422 1.113651 -7.808161 
4.249519 2.300577 8.665242 3.966247 0.545183 -3.137364 7.737877 7.161718 -3.350139 -8.318308 10.264260 -1.522965 -0.516770 6.452895 -6.694937 
-9.207221 1.710318 0.763085 2.845332 -1.583209 -2.872677 -1.432600 3.492630 7.607776 -1.782525 -3.857082 -0.257851 -6.596881 -1.212775 -7.200598 
-1.035890 -8.711173 3.093356 -9.864772 5.766503 -9.267464 1.355907 5.113437 -4.109592 -4.876095 -7.926084 5.740867 -3.703269 -5.862423 -5.952147 
3.632984 9.595813 4.070711 1.508438 2.244179 -6.519333 6.162572 -6.734672 -6.952574 -9.678274 1.448836 -8.716300 -7.561419 8.569109 -8.832301 
6.583636 -3.346934 3.129246 -3.743004 -6.120701 -5.527879 -2.629139 8.963256 9.864345 -0.994232 0.911130 -9.887844 3.538774 7.320658 -3.161077 
-5.945738 0.495834 -3.788507 9.541978 9.820765 4.571245 9.884854 1.774407 -0.471908 0.754753 6.835505 -9.855159 -4.439009 -8.219611 4.713523 
1.658406 2.553087 -9.705191 1.435377 8.486435 6.711814 4.011750 1.351421 9.609912 6.510575 -1.239692 2.723563 -2.503525 10.282205 2.829951 
2.312754 -0.531510 -1.255715 1.523820 -0.649434 -5.087588 7.985900 -4.681265 -8.324076 2.999786 -5.053621 -3.450758 9.318308 -4.949797 -2.072207 
2.008972 10.309763 10.229011 2.154454 10.383465 -0.990387 2.696005 1.925016 -4.074984 2.717795 8.896603 5.384533 -8.737449 -6.143773 -4.872890 
Average 0.513879
12: It's low triangle Matrix: dimension =  15 
-0.431532 0 0 0 0 0 0 0 0 0 0 0 0 0 0 
6.197821 -5.482376 0 0 0 0 0 0 0 0 0 0 0 0 0 
5.456954 -9.128391 5.640248 0 0 0 0 0 0 0 0 0 0 0 0 
2.675497 -7.092929 3.622730 9.475326 0 0 0 0 0 0 0 0 0 0 0 
4.730827 9.593249 9.411237 -2.631703 10.878872 0 0 0 0 0 0 0 0 0 0 
-1.147404 -6.048921 8.496048 9.137577 5.503739 -4.319163 0 0 0 0 0 0 0 0 0 
7.371929 2.979919 2.565905 8.719077 9.599658 4.221320 -0.771203 0 0 0 0 0 0 0 0 
8.093570 8.810083 -7.685751 -2.409955 8.644093 -8.413160 8.708182 6.205512 0 0 0 0 0 0 0 
-4.500534 1.648793 -1.574877 -7.026276 -5.449690 -5.932279 8.522965 6.393933 -5.196539 0 0 0 0 0 0 
7.821192 -1.420423 -9.284768 -8.955992 -1.567186 -1.125614 7.032899 5.700491 6.012604 -2.584918 0 0 0 0 0 
7.826960 1.313608 0.450972 -2.538774 3.016449 4.538560 -4.931852 4.710959 -3.976287 -3.946806 1.490493 0 0 0 0 
7.801325 2.901730 -7.689596 -2.968169 5.278146 -4.953001 -0.481521 2.371715 -4.307627 -5.466353 -7.234565 -0.196326 0 0 0 
4.982696 -5.401624 -0.302713 -0.165563 4.792993 -2.697073 0.645161 7.425123 5.888913 8.912626 -2.384960 6.638752 -8.672720 0 0 
-8.980987 6.049135 8.992096 -5.470840 6.941893 6.756035 -9.716086 7.922452 -5.577868 10.923734 -7.814570 6.299081 -7.822260 2.617176 0 
3.363170 1.558428 -0.694937 -4.327494 1.436659 -7.026276 1.093783 -9.616108 1.528306 2.655629 -8.730399 3.899594 9.707327 -2.643239 -0.796197 
Average  0.510620 
13: It's Diagonal Matrix: dimension = 9
8.8113650 0 0 0 0 0 0 0 
0 4.4071780 0 0 0 0 0 0 
0 0 0.4054690 0 0 0 0 0 
0 0 0 -7.2454600 0 0 0 0 
0 0 0 0 5.0602440 0 0 0 
0 0 0 0 0 9.4291820 0 0 
0 0 0 0 0 0 1.9442430 0 
0 0 0 0 0 0 0 7.6039310 
0 0 0 0 0 0 0 0 9.297159
Average -249024983
14: It's low triangle Matrix: dimension =  6 
5.710746 0 0 0 0 0 
1.525101 10.404614 0 0 0 0 
-9.190558 8.929930 -1.342235 0 0 0 
-5.592608 -0.734031 1.140568 -0.644307 0 0 
-8.867550 10.218116 -6.836573 10.867977 -3.810938 0 
-4.745994 -4.524888 5.549883 7.660329 -5.817560 6.991241 
Average  0.469202 
15: It's Square Matrix: dimension = 16
3.824610 -6.914762 -3.577013 6.925871 -3.248878 -1.876095 8.400555 -3.935911 -7.937620 10.195685 4.627003 -1.298654 -3.702628 2.760735 -9.020081 -2.090152 
5.619098 -6.298868 10.213630 6.740013 8.449263 8.530015 2.945311 -5.627857 -0.364879 9.025422 3.375988 5.089724 4.170049 3.197180 1.020722 -1.785730 
-7.004486 -4.010254 7.225166 -2.326640 3.934202 -3.374493 -6.241188 -4.651143 -6.735954 -6.002136 -9.737877 7.867336 3.977783 -9.981414 7.823115 3.980346 
8.255715 2.330699 -8.524674 -2.793847 10.178381 0.279855 -6.105319 -0.127110 -2.777184 0.573382 -3.934629 7.223243 -9.443068 -7.497971 8.215979 1.748772 
-7.323008 3.167058 2.788934 -0.603290 -1.588336 -6.418073 -2.259346 1.806452 -6.173254 1.085452 9.935484 2.240974 4.065584 8.956206 7.929502 -6.637898 
9.644520 0.633625 3.921384 -1.492203 2.249947 -5.534288 -5.850246 -9.375774 -0.442427 -8.626576 -7.484512 -6.478957 -3.892972 9.346507 -7.281350 -1.414655 
5.767144 -9.823115 -1.315317 -8.367016 4.818628 4.337962 0.561205 -3.960265 -5.813074 -6.599445 -5.931639 6.807306 10.859645 0.923948 4.491134 -5.268319 
-7.989532 5.185858 3.074129 2.322367 -6.122623 10.698141 -7.872890 6.624012 -3.096347 -5.115787 -0.398206 -9.391156 9.196539 9.847682 7.426405 3.290109 
-6.182226 -6.389233 -4.610126 -0.796197 -4.053835 10.769280 -1.159581 -6.564196 -4.563982 -6.082247 4.990387 7.830805 7.815424 -0.192480 6.106174 8.545396 
1.236061 9.594531 -7.636402 3.610553 5.430036 -6.882717 -7.347362 -3.353984 1.180944 1.595599 9.104892 7.392438 8.358898 0.654134 -4.362102 2.208930 
3.039521 6.091433 -0.713523 8.208289 -2.258065 3.283059 5.606922 2.162145 -0.676992 2.640889 5.935057 -5.142705 10.544328 6.020936 -4.221747 7.039949 
-0.143132 5.496689 2.127537 0.613758 5.432600 -0.601367 -4.043580 7.250801 3.966247 0.027345 -2.286905 -6.942961 4.284127 -3.051485 1.061098 -4.529374 
-3.703909 -2.729118 1.664174 8.028199 5.310190 1.819269 8.294168 2.165990 8.252510 -3.393078 8.043580 2.714591 3.814356 7.511643 -6.080966 -2.765648 
-6.932707 3.562487 5.606281 -5.145268 -5.431745 -9.255287 -2.324717 -6.225166 -2.508652 -2.267678 -9.979492 5.071780 -2.182440 1.442427 -0.189917 -3.014954 
0.110019 -2.165136 -0.281564 -8.672079 3.910489 -7.153172 10.743004 8.178808 4.284127 -7.116642 7.362957 6.511856 4.549455 0.757317 -4.656270 -0.071352 
7.717368 -8.509293 2.949156 -8.862423 5.674215 -0.107883 9.852168 9.340739 -4.353771 0.293313 -4.472335 -0.814783 0.962401 4.379620 5.404401 -7.557573 
Average 0.459629
16: It's low triangle Matrix: dimension =  11 
-4.234565 0 0 0 0 0 0 0 0 0 0 
1.315531 -6.391797 0 0 0 0 0 0 0 0 0 
6.629139 0.197821 9.112583 0 0 0 0 0 0 0 0 
-7.544115 1.817988 -9.907071 9.072207 0 0 0 0 0 0 0 
-3.434095 7.747490 -5.163213 10.294382 -8.634266 0 0 0 0 0 0 
-1.539628 -3.168767 5.499252 0.426618 -7.455031 -2.092715 0 0 0 0 0 
-5.097842 -4.533860 0.248451 -8.386242 -1.518479 9.177313 -7.876736 0 0 0 0 
-3.094424 10.040590 2.655629 -5.136937 4.259133 3.977783 -5.285623 10.484085 0 0 0 
10.752617 -9.827601 4.867977 -9.493698 -4.854305 -3.119419 2.253792 2.299936 9.477889 0 0 
-1.943388 0.293954 0.234993 7.223243 1.007904 6.361248 10.811579 4.540483 -4.214698 8.231361 0 
-2.587481 5.634480 3.213843 0.618244 3.841273 -5.229865 6.972015 2.553087 10.296304 -7.028199 6.628498 
Average  0.432038 
17: It's low triangle Matrix: dimension =  7 
-1.274941 0 0 0 0 0 0 
4.557787 7.518693 0 0 0 0 0 
-2.496475 7.719291 -9.264260 0 0 0 0 
1.668661 -8.500320 4.883999 0.295236 0 0 0 
7.277718 -9.527665 3.595172 -6.799402 7.671224 0 0 
3.273446 6.302286 -9.420637 -9.455885 8.094852 -7.896603 0 
9.619526 9.384960 1.819910 -8.193335 9.011963 3.272164 -2.748985 
Average  0.416089 
18: It's Square Matrix: dimension = 15
5.660115 -0.944243 -8.101688 -5.606067 -3.013672 5.024354 -5.183721 -0.824396 8.032044 -8.264473 2.080752 -5.659261 4.186712 2.740226 -9.605213 
-9.766076 -3.443709 -6.183508 9.616962 -8.815638 3.945738 -8.338176 -7.166631 0.899594 7.822474 0.609912 7.323862 7.213630 -9.817988 -3.323222 
-8.459304 -3.253365 7.701987 1.709677 7.800043 -2.507370 -6.892331 9.921384 -7.204443 10.866695 -6.852596 -9.413587 -6.365520 -0.752617 9.087588 
-8.806024 -2.483016 0.553514 2.121769 -2.184362 6.737449 10.861568 6.627857 -3.006623 -7.844050 0.625294 10.643666 0.916898 -1.204443 -0.492416 
8.494766 -2.829096 -5.279214 6.363170 10.967956 4.835292 9.859218 -4.596026 -2.056185 9.222816 8.915830 6.077975 -2.115787 -0.967956 3.042085 
-0.309763 6.092715 4.196326 -8.587481 -4.698569 10.144414 1.212348 6.362529 -0.067507 2.401196 4.227088 0.248451 -6.395001 -3.991028 -1.330699 
-5.309336 9.253578 8.290963 -6.301431 -0.659688 1.036103 6.930998 -2.740013 -5.161290 3.081820 -7.121769 1.026490 -8.869472 -0.809015 5.348003 
10.000855 -6.236702 5.538347 -8.156163 -5.930357 -5.640034 -3.100192 0.612476 6.287545 6.897671 10.432814 8.414014 9.165136 -7.041658 -5.452254 
9.042726 10.750694 -8.390088 9.897671 -9.521897 9.788079 3.066439 -6.985260 6.097201 -5.279855 4.787866 4.639180 9.827815 -0.162999 6.179235 
5.242897 -3.323862 1.328990 -4.460799 -4.182653 -7.485153 -7.455031 0.415723 7.423200 -6.452681 0.229865 10.029695 0.550951 8.348003 3.013886 
1.913480 -2.180517 8.896603 -3.050203 10.436018 7.044435 6.497116 1.371929 -3.651357 -4.795984 -3.998077 -2.143986 1.032258 -4.658193 5.237129 
-5.434950 8.580645 -2.073489 -6.961547 -1.240333 -0.607776 2.709464 0.810511 5.760735 -3.580859 8.605640 7.001495 -2.866909 -0.274514 2.633198 
-5.584918 -6.612903 9.523392 -1.558855 -5.244606 6.962401 -8.669515 -3.546892 -9.684683 3.791925 4.416791 0.163854 4.213630 -7.785730 -9.819910 
2.616535 7.084811 -9.473830 8.633839 -6.406537 -7.364025 -8.058748 -0.372570 6.552873 -3.034822 -6.741722 3.991241 3.834864 -5.942534 -4.002564 
5.235847 -2.818201 9.358684 4.305277 -9.022004 -7.908780 5.836360 -8.610553 3.739372 6.041444 10.436018 5.792779 3.280496 1.111728 -6.669942 
Average 0.412180
19: It's low triangle Matrix: dimension =  18 
-3.606494 0 0 0 0 0 0 0 0 0 0 0 0 0 0 0 0 0 
-2.297800 -7.221747 0 0 0 0 0 0 0 0 0 0 0 0 0 0 0 0 
10.696860 -0.457808 -9.409742 0 0 0 0 0 0 0 0 0 0 0 0 0 0 0 
4.035463 -4.608203 4.375134 -6.606494 0 0 0 0 0 0 0 0 0 0 0 0 0 0 
9.556078 -8.445845 3.186926 0.646443 -4.033967 0 0 0 0 0 0 0 0 0 0 0 0 0 
-7.893399 1.307199 -8.424696 8.454390 7.388592 2.507584 0 0 0 0 0 0 0 0 0 0 0 0 
7.988464 3.720786 -5.573382 -7.183294 5.964537 3.533647 -2.600940 0 0 0 0 0 0 0 0 0 0 0 
4.762871 -8.750267 6.168340 6.437513 -2.422132 -7.235206 5.512070 -2.565050 0 0 0 0 0 0 0 0 0 0 
-7.600513 6.126041 -4.879940 -3.982696 8.999145 7.595599 -8.008118 -1.679983 -8.942534 0 0 0 0 0 0 0 0 0 
2.359539 -0.632771 -9.261055 1.543687 -2.460585 6.304209 6.313822 -6.803888 10.855159 6.337535 0 0 0 0 0 0 0 0 
-2.117069 2.669729 5.321726 6.983551 -9.308481 10.350780 7.918607 -8.616962 0.584918 -0.603931 8.606922 0 0 0 0 0 0 0 
-7.136509 -8.545183 2.008972 2.620380 -8.310617 9.104251 -5.506088 3.429182 4.803247 9.159368 -3.882717 -9.718650 0 0 0 0 0 0 
-6.188635 -0.781457 2.304422 -4.261483 4.029695 -8.128605 2.208289 3.090152 -8.168340 10.746849 5.178167 6.081820 5.116642 0 0 0 0 0 
3.256783 -9.844905 5.836360 6.148473 7.186071 -3.457808 3.397137 1.575091 4.779534 -2.449049 -6.222602 -0.118137 0.489425 5.592822 0 0 0 0 
-1.055116 -0.917325 8.039094 8.711386 -1.372997 7.914121 -0.045717 -1.389019 6.357402 9.327280 9.225379 4.303354 2.665242 -4.455031 -4.753685 0 0 0 
-7.098056 -6.187994 4.480239 -0.298227 -7.398633 -8.018372 -7.219825 -5.458663 5.365947 -3.664815 0.295236 10.711600 1.364879 1.833369 0.239479 -8.205512 0 0 
3.684256 10.227729 -5.168981 3.209357 9.342021 7.137364 2.693442 10.137364 7.141209 5.612049 -6.203375 1.819910 6.397137 -5.918821 6.222175 -9.605213 1.059175 0 
-5.888058 -3.472549 10.917966 -6.731468 2.863277 -5.998932 7.732109 0.873318 4.654561 5.580004 6.837428 4.944243 -5.445204 10.712241 -2.579150 -7.186499 9.390728 -3.045076 
Average  0.375130 
20: It's low triangle Matrix: dimension =  5 
-1.212134 0 0 0 0 
5.531938 -3.328990 0 0 0 
-6.360393 4.568682 6.788079 0 0 
-5.924589 -5.006195 7.538560 -7.423627 0 
5.242897 9.012604 5.565905 2.319803 -8.677847 
Average  0.345388 
21: It's Square Matrix: dimension = 11
5.486435 3.909848 -1.663961 -0.922452 6.969451 -7.074343 1.721854 -5.845119 4.432173 -5.752190 2.221107 
1.448836 -5.391369 -1.751122 -7.489639 -5.954070 5.379406 6.363811 -3.443068 -6.261055 -5.206153 0.647725 
6.062593 -8.693228 -1.634480 8.535783 9.323435 9.565691 -4.972869 3.573382 8.151891 -7.771630 1.681478 
2.412732 -7.983764 10.110446 -7.273019 -6.152104 -3.935270 5.686392 7.483444 -2.828455 2.171758 8.568468 
-0.091220 -9.362957 -1.315317 0.897671 3.530442 7.303995 0.008118 8.212134 -2.020295 -7.952361 5.695364 
-6.201453 8.049348 -9.976287 -5.805383 6.080538 10.669301 8.350566 -6.086093 10.049562 -8.279855 -4.692801 
-9.250160 -0.702628 1.077120 -7.174322 8.750481 8.660756 1.795557 3.548387 -2.943175 -5.986755 -8.149113 
6.240761 6.786157 -2.749626 5.330699 -3.155309 -2.990600 -4.028840 9.486221 5.942106 5.482589 2.921598 
-2.447127 -9.088015 2.283273 3.697714 -0.250801 -5.419568 -5.986114 3.766289 -2.652852 6.613758 -9.272591 
4.318094 8.235206 3.461226 4.223884 9.993164 -7.129460 2.123051 4.886563 -6.998718 -3.964751 -5.488144 
5.704978 0.683615 5.289682 -3.289895 -9.357189 -4.976073 4.544328 -4.116642 3.010681 10.169408 -2.356120 
Average 0.331195
22: It's low triangle Matrix: dimension =  18 
-2.250374 0 0 0 0 0 0 0 0 0 0 0 0 0 0 0 0 0 
-7.075625 0.402905 0 0 0 0 0 0 0 0 0 0 0 0 0 0 0 0 
-7.533860 2.755608 -3.966674 0 0 0 0 0 0 0 0 0 0 0 0 0 0 0 
3.510575 -2.602222 0.525315 9.040803 0 0 0 0 0 0 0 0 0 0 0 0 0 0 
2.515915 9.393933 9.243324 -9.434095 8.528092 0 0 0 0 0 0 0 0 0 0 0 0 0 
8.711386 -5.127323 -3.002136 0.050417 5.339030 -3.548173 0 0 0 0 0 0 0 0 0 0 0 0 
8.729972 5.889554 -7.599872 -4.512070 -0.908353 5.986969 4.771203 0 0 0 0 0 0 0 0 0 0 0 
-5.254219 5.124332 -5.276009 5.302499 5.194189 -9.145054 -5.287545 3.563128 0 0 0 0 0 0 0 0 0 0 
7.402051 -2.763085 8.617176 3.510575 6.165136 -8.606708 -8.973937 -4.019227 -7.358898 0 0 0 0 0 0 0 0 0 
-6.657765 -4.076266 -8.572741 -4.224952 -2.160009 -6.234779 -6.205298 -4.704337 -3.484085 -3.284768 0 0 0 0 0 0 0 0 
-5.058748 4.069430 -4.060884 7.061739 -4.478744 8.085879 0.784875 7.342448 5.724845 8.861354 4.751976 0 0 0 0 0 0 0 
-9.781457 10.784661 3.536210 0.390728 -5.375988 1.660970 0.456740 8.489639 -0.783380 -7.197394 10.509720 -8.811151 0 0 0 0 0 0 
-3.328349 1.395642 7.002136 6.469558 -5.158086 -5.995727 4.364879 6.168340 -4.678060 6.011963 -3.545610 -7.803034 10.439222 0 0 0 0 0 
-1.234565 9.744499 -3.907712 1.209143 -4.168554 -8.819483 8.575518 7.290536 0.272164 -4.016022 -3.729545 -5.546464 3.340098 -3.818628 0 0 0 0 
6.233711 5.621021 6.509293 6.147832 -8.546464 -6.020081 10.238624 -7.064089 8.985687 8.227515 -3.625080 -5.313822 3.853450 3.456740 4.617389 0 0 0 
-1.121769 -1.588336 10.730186 -6.082247 3.726554 5.283914 1.862850 9.260628 3.489425 0.566973 -6.547533 8.698569 5.976073 10.435377 -0.318094 -2.932279 0 0 
-8.973296 -3.187353 -0.071352 10.281564 2.263405 -5.734886 -7.285195 8.608203 7.867977 -5.229865 8.025636 -0.154027 -4.305704 -9.480239 2.523606 9.793847 1.481521 0 
7.409742 -7.297372 10.925657 10.441786 -6.621235 -6.503311 -6.320017 -1.970946 3.249733 -8.611194 -2.731681 8.148686 -1.776757 2.540910 -9.603290 9.587481 -4.305704 3.985473 
Average  0.282885 
23: It's Square Matrix: dimension = 14
-1.068575 -1.958129 -5.191412 -1.258919 1.159154 -7.979278 -2.693228 -5.329844 6.916898 3.666311 -6.053407 -3.966674 1.950011 -2.713095 
1.657765 1.969237 -3.436659 -7.692160 10.659688 -9.152745 9.061312 0.063234 8.693442 7.698782 -4.907498 -3.102115 1.359111 -9.673147 
-6.075838 2.464644 10.837214 -3.723777 -3.821833 6.638752 3.772698 -8.707327 -6.935270 2.947874 3.613117 8.447981 5.637684 -2.074129 
2.167272 6.574664 8.108310 2.299295 9.681051 6.177953 5.747276 -0.596240 5.196112 -0.532792 -7.595386 1.750694 0.491989 2.675497 
6.184362 2.137150 0.369579 -0.684683 8.289041 -6.786584 9.579791 -4.466567 -7.406964 8.913266 -4.842769 -0.783380 8.951079 4.645589 
-3.534074 -2.998291 3.779107 -8.331126 -2.293313 -7.142918 0.948943 -9.462935 7.198889 -6.621235 1.519333 9.040162 0.192694 3.466353 
-0.668020 8.526811 1.510361 1.532792 -4.988891 1.037385 6.789361 -0.099551 6.395856 10.134800 -2.395215 -8.454176 -0.068148 -4.152532 
1.268105 -6.152745 -6.938475 1.632130 9.564409 -9.515488 0.135655 -6.241188 1.221320 3.161931 8.881863 8.026917 8.388379 10.293741 
-4.035249 -9.787225 9.907926 7.320658 0.664388 8.173681 -9.348216 9.812433 -7.803034 -9.021363 -8.274087 0.002991 -9.268105 9.018372 
7.792352 -4.073702 9.607349 -1.545396 -2.684256 -8.198462 5.798547 6.955992 9.014527 -9.170690 -5.841273 -9.907712 -2.727195 5.051271 
8.470412 4.321940 1.832087 -8.575304 1.824396 -6.047639 -8.495193 -2.213202 -0.618671 -2.995087 5.225593 4.838496 8.023072 9.374065 
-4.802393 10.826319 -4.058962 -3.815424 5.426832 -7.932493 -7.312754 3.778466 6.418287 -8.023499 -7.283914 0.194617 -1.672933 -7.249947 
6.957274 6.596454 -2.668233 -9.633412 8.436445 0.511216 -7.481948 -9.942961 -9.506516 6.317667 -7.944670 6.903439 9.617603 0.866909 
-6.054048 -1.285195 -9.577654 7.663533 0.125401 4.853877 4.821192 7.489212 -6.800043 -1.854305 4.897458 -3.105960 -5.401624 -3.448195 
Average 0.259072
24: It's low triangle Matrix: dimension =  17 
-3.170690 0 0 0 0 0 0 0 0 0 0 0 0 0 0 0 0 
-6.466140 8.486435 0 0 0 0 0 0 0 0 0 0 0 0 0 0 0 
1.614826 -9.785943 -9.858364 0 0 0 0 0 0 0 0 0 0 0 0 0 0 
-9.368084 -8.511216 3.994446 -8.416364 0 0 0 0 0 0 0 0 0 0 0 0 0 
5.003845 -2.840632 8.995300 -6.567400 -5.777825 0 0 0 0 0 0 0 0 0 0 0 0 
-6.758385 -8.562487 2.340312 10.901303 -7.306345 -1.453749 0 0 0 0 0 0 0 0 0 0 0 
6.823969 3.403546 -0.828242 0.618885 -5.306131 7.694296 1.096347 0 0 0 0 0 0 0 0 0 0 
5.953001 9.892544 10.946806 5.457595 -6.457808 0.028626 2.053194 -6.095065 0 0 0 0 0 0 0 0 0 
-5.052339 -6.603931 -0.291818 9.138218 -4.754326 -0.250160 6.199744 2.133946 5.464003 0 0 0 0 0 0 0 0 
5.619098 -7.409528 5.248024 -2.587481 4.450117 10.423841 9.713095 -9.691733 -8.655416 10.621876 0 0 0 0 0 0 0 
7.568041 1.112369 9.691305 10.729545 -3.445631 0.966247 -9.546251 2.160863 9.003632 9.661824 -3.583422 0 0 0 0 0 0 
7.604572 5.246742 8.521683 3.149113 -4.764580 7.589831 -7.385174 -3.014954 -3.086093 0.367016 10.712241 4.796838 0 0 0 0 0 
10.994232 -6.879513 9.875881 -4.169195 -5.076693 3.427259 5.105106 5.406964 -9.713523 -0.596240 -8.065798 0.748344 -7.563982 0 0 0 0 
-0.564837 -3.605853 6.726554 6.379192 -8.864986 -4.765221 -9.195044 6.071566 -6.909635 -4.169836 3.962401 7.777612 5.408246 8.658834 0 0 0 
-7.126896 -4.349925 4.600085 -8.231788 -9.869900 -5.811792 1.839137 4.140568 -7.208289 4.723777 5.116001 -3.654561 5.026917 -4.397992 9.322794 0 0 
0.408032 -3.848750 -0.789789 1.806452 0.281137 -2.173467 1.498184 2.410810 -7.159581 7.705191 -7.831874 -0.454604 3.801538 7.306558 8.175604 -9.685324 0 
1.462935 -7.598590 -7.307627 7.229011 -2.307413 8.690878 -4.786370 3.537492 6.052980 7.048280 9.929716 4.715445 -0.525742 -5.873959 -0.948088 -0.875668 -0.614826 
Average  0.253785 
25: It's Diagonal Matrix: dimension = 8
-8.7195040 0 0 0 0 0 0 
0 -5.8919030 0 0 0 0 0 
0 0 9.2670370 0 0 0 0 
0 0 0 2.9036530 0 0 0 
0 0 0 0 5.0480670 0 0 
0 0 0 0 0 10.7635120 0 
0 0 0 0 0 0 -0.2597740 
0 0 0 0 0 0 0 2.249306
Average 1896538645
26: It's Diagonal Matrix: dimension = 19
7.2578510 0 0 0 0 0 0 0 0 0 0 0 0 0 0 0 0 0 
0 3.2804960 0 0 0 0 0 0 0 0 0 0 0 0 0 0 0 0 
0 0 -2.0856650 0 0 0 0 0 0 0 0 0 0 0 0 0 0 0 
0 0 0 3.5522320 0 0 0 0 0 0 0 0 0 0 0 0 0 0 
0 0 0 0 5.5800040 0 0 0 0 0 0 0 0 0 0 0 0 0 
0 0 0 0 0 -9.5110020 0 0 0 0 0 0 0 0 0 0 0 0 
0 0 0 0 0 0 -7.1602220 0 0 0 0 0 0 0 0 0 0 0 
0 0 0 0 0 0 0 -1.1243320 0 0 0 0 0 0 0 0 0 0 
0 0 0 0 0 0 0 0 5.0262760 0 0 0 0 0 0 0 0 0 
0 0 0 0 0 0 0 0 0 6.7348860 0 0 0 0 0 0 0 0 
0 0 0 0 0 0 0 0 0 0 8.8395640 0 0 0 0 0 0 0 
0 0 0 0 0 0 0 0 0 0 0 -1.7844480 0 0 0 0 0 0 
0 0 0 0 0 0 0 0 0 0 0 0 1.3744930 0 0 0 0 0 
0 0 0 0 0 0 0 0 0 0 0 0 0 3.4554580 0 0 0 0 
0 0 0 0 0 0 0 0 0 0 0 0 0 0 7.7718440 0 0 0 
0 0 0 0 0 0 0 0 0 0 0 0 0 0 0 5.9549240 0 0 
0 0 0 0 0 0 0 0 0 0 0 0 0 0 0 0 7.0790430 0 
0 0 0 0 0 0 0 0 0 0 0 0 0 0 0 0 0 2.9779960 
0 0 0 0 0 0 0 0 0 0 0 0 0 0 0 0 0 0 6.095279
Average -1432958780
27: It's low triangle Matrix: dimension =  17 
2.041658 0 0 0 0 0 0 0 0 0 0 0 0 0 0 0 0 
9.880367 9.444563 0 0 0 0 0 0 0 0 0 0 0 0 0 0 0 
9.421491 9.248451 -8.300363 0 0 0 0 0 0 0 0 0 0 0 0 0 0 
-2.570177 -6.171331 -1.158940 -9.253365 0 0 0 0 0 0 0 0 0 0 0 0 0 
-6.011750 -4.467849 -2.843837 10.830805 1.730186 0 0 0 0 0 0 0 0 0 0 0 0 
-3.909635 -3.145054 -0.546892 -7.807520 -1.749199 -3.895535 0 0 0 0 0 0 0 0 0 0 0 
-4.613971 -9.259133 -5.611835 -9.119419 -3.109806 -8.472121 3.732963 0 0 0 0 0 0 0 0 0 0 
-8.079897 7.983337 10.320017 -9.969878 1.353984 -4.337107 5.448622 6.804743 0 0 0 0 0 0 0 0 0 
-0.445631 5.492843 -4.315317 3.864345 3.226020 0.452895 0.306131 -0.773125 -6.728263 0 0 0 0 0 0 0 0 
6.466353 4.142491 8.101901 4.468062 3.504807 -7.116642 -7.906858 7.470626 -1.316599 9.429823 0 0 0 0 0 0 0 
-2.716300 1.200171 -6.757744 3.556078 9.347789 9.120273 6.832942 -7.308908 9.356120 -1.553087 -2.995087 0 0 0 0 0 0 
-8.927152 10.427686 3.829737 5.309549 -5.925230 -8.120273 -8.486862 10.912839 -0.026490 -5.962401 -2.460585 -8.859859 0 0 0 0 0 
-1.046144 -3.637898 -8.009400 5.851100 -4.383892 10.041231 2.836360 7.038026 -5.223457 7.714805 -6.615467 9.587481 -4.157659 0 0 0 0 
-4.521683 5.895962 9.572741 9.536851 -3.167486 2.369793 -7.990814 -4.738945 1.716086 -0.951292 2.474899 5.872890 7.305277 9.667592 0 0 0 
-5.513779 -2.841273 -6.289254 -5.027985 -5.937407 8.790216 3.246529 5.551805 -0.641102 6.034394 -1.590899 1.504593 9.791284 5.008332 3.249733 0 0 
-2.024781 1.551378 1.757744 -6.737236 -0.909635 -8.075411 -8.065798 -3.525101 -8.673360 9.309977 0.359966 -3.123905 4.843623 6.345866 8.259560 -2.149113 0 
9.807306 -4.933134 -8.563768 4.773125 -7.760094 0.472762 -0.817347 -9.591113 -2.566973 6.429823 4.189276 1.295022 2.435163 -5.685537 -0.741722 6.741295 -6.330271 
Average  0.099043 
28: It's Diagonal Matrix: dimension = 20
2.5133520 0 0 0 0 0 0 0 0 0 0 0 0 0 0 0 0 0 0 
0 -4.9581290 0 0 0 0 0 0 0 0 0 0 0 0 0 0 0 0 0 
0 0 -1.1179240 0 0 0 0 0 0 0 0 0 0 0 0 0 0 0 0 
0 0 0 9.3586840 0 0 0 0 0 0 0 0 0 0 0 0 0 0 0 
0 0 0 0 2.6158940 0 0 0 0 0 0 0 0 0 0 0 0 0 0 
0 0 0 0 0 2.2582780 0 0 0 0 0 0 0 0 0 0 0 0 0 
0 0 0 0 0 0 -0.8333690 0 0 0 0 0 0 0 0 0 0 0 0 
0 0 0 0 0 0 0 -1.7985470 0 0 0 0 0 0 0 0 0 0 0 
0 0 0 0 0 0 0 0 5.5171970 0 0 0 0 0 0 0 0 0 0 
0 0 0 0 0 0 0 0 0 -3.2905360 0 0 0 0 0 0 0 0 0 
0 0 0 0 0 0 0 0 0 0 -0.9948730 0 0 0 0 0 0 0 0 
0 0 0 0 0 0 0 0 0 0 0 8.1358680 0 0 0 0 0 0 0 
0 0 0 0 0 0 0 0 0 0 0 0 7.2879730 0 0 0 0 0 0 
0 0 0 0 0 0 0 0 0 0 0 0 0 10.9089940 0 0 0 0 0 
0 0 0 0 0 0 0 0 0 0 0 0 0 0 -3.8122200 0 0 0 0 
0 0 0 0 0 0 0 0 0 0 0 0 0 0 0 1.3020720 0 0 0 
0 0 0 0 0 0 0 0 0 0 0 0 0 0 0 0 -7.5216830 0 0 
0 0 0 0 0 0 0 0 0 0 0 0 0 0 0 0 0 5.7793210 0 
0 0 0 0 0 0 0 0 0 0 0 0 0 0 0 0 0 0 -3.2764370 
0 0 0 0 0 0 0 0 0 0 0 0 0 0 0 0 0 0 0 9.842555
Average 227988352
29: It's low triangle Matrix: dimension =  18 
5.215339 0 0 0 0 0 0 0 0 0 0 0 0 0 0 0 0 0 
2.336467 2.772271 0 0 0 0 0 0 0 0 0 0 0 0 0 0 0 0 
8.956206 8.771630 10.201453 0 0 0 0 0 0 0 0 0 0 0 0 0 0 0 
-7.142918 -0.166845 -0.782098 1.188635 0 0 0 0 0 0 0 0 0 0 0 0 0 0 
-9.782739 -0.132878 -1.464003 -6.303354 -8.857936 0 0 0 0 0 0 0 0 0 0 0 0 0 
2.232002 7.566118 -8.385601 -3.761589 -0.214270 -9.803247 0 0 0 0 0 0 0 0 0 0 0 0 
-7.626148 -0.600726 -0.212348 10.346934 -1.348003 7.819910 8.467208 0 0 0 0 0 0 0 0 0 0 0 
-2.631703 10.754540 -6.025208 9.729759 -8.934843 8.212134 5.949156 -6.221961 0 0 0 0 0 0 0 0 0 0 
5.949797 2.624226 1.042512 -3.068148 8.913266 2.271737 7.044435 -1.576800 10.959624 0 0 0 0 0 0 0 0 0 
-8.458022 8.090365 -7.547319 -9.838496 -3.311045 -8.496475 -2.711173 3.492630 4.964110 -6.466781 0 0 0 0 0 0 0 0 
4.688528 -5.313822 -2.355480 -7.617817 9.418287 -8.201025 11.000000 -9.546892 -3.836573 -8.396496 2.709464 0 0 0 0 0 0 0 
8.192907 2.605640 -6.504593 4.790429 -4.538347 9.939329 5.048708 4.534074 -8.171545 10.625080 -1.106388 -7.487716 0 0 0 0 0 0 
-4.312754 4.648793 0.062593 -2.834223 -0.380902 1.071993 10.459090 -0.991028 8.890835 7.156590 -8.383038 5.992096 -3.496902 0 0 0 0 0 
-2.161290 -9.607776 -5.961119 10.700064 -5.155522 -1.242897 -5.696432 10.328349 -3.787225 10.338603 10.162358 0.976501 -9.477035 -9.129673 0 0 0 0 
3.488784 5.278787 6.597736 -5.786798 -9.764794 -0.696860 -8.036317 -5.917539 1.847468 -0.573809 -4.139714 -0.832728 -5.450331 -9.403333 9.061953 0 0 0 
0.774621 9.035035 6.404828 -0.692373 5.664602 -9.421278 9.847041 -1.380688 -2.768853 -7.874813 -9.788507 4.279000 -6.312967 2.358898 8.977355 -9.242470 0 0 
4.405896 -4.693442 1.133518 4.371929 -9.926939 10.494339 9.836787 7.950011 5.819697 -0.806452 9.797052 -6.711600 2.968383 1.784661 -2.689383 7.683401 -6.423841 0 
-7.228797 6.343944 3.309977 -9.590472 0.479171 -6.438581 -4.256996 6.513138 5.961974 7.732749 -0.609058 10.035463 -2.843196 -1.612049 -4.876095 -7.538347 -2.186285 -5.835505 
Average  0.094236 
30: It's Diagonal Matrix: dimension = 13
5.6171760 0 0 0 0 0 0 0 0 0 0 0 
0 6.2023070 0 0 0 0 0 0 0 0 0 0 
0 0 -9.3539840 0 0 0 0 0 0 0 0 0 
0 0 0 2.8684040 0 0 0 0 0 0 0 0 
0 0 0 0 -7.4204230 0 0 0 0 0 0 0 
0 0 0 0 0 -3.3193760 0 0 0 0 0 0 
0 0 0 0 0 0 2.0711390 0 0 0 0 0 
0 0 0 0 0 0 0 5.1230510 0 0 0 0 
0 0 0 0 0 0 0 0 4.8948940 0 0 0 
0 0 0 0 0 0 0 0 0 -0.4988250 0 0 
0 0 0 0 0 0 0 0 0 0 3.3106170 0 
0 0 0 0 0 0 0 0 0 0 0 5.3204440 
0 0 0 0 0 0 0 0 0 0 0 0 -1.492203
Average 1715176773
31: It's Diagonal Matrix: dimension = 17
-5.6425980 0 0 0 0 0 0 0 0 0 0 0 0 0 0 0 
0 -1.8889130 0 0 0 0 0 0 0 0 0 0 0 0 0 0 
0 0 7.3911560 0 0 0 0 0 0 0 0 0 0 0 0 0 
0 0 0 -3.3725700 0 0 0 0 0 0 0 0 0 0 0 0 
0 0 0 0 4.0969880 0 0 0 0 0 0 0 0 0 0 0 
0 0 0 0 0 8.4402910 0 0 0 0 0 0 0 0 0 0 
0 0 0 0 0 0 5.7889340 0 0 0 0 0 0 0 0 0 
0 0 0 0 0 0 0 -5.7938470 0 0 0 0 0 0 0 0 
0 0 0 0 0 0 0 0 0.2740870 0 0 0 0 0 0 0 
0 0 0 0 0 0 0 0 0 4.4834440 0 0 0 0 0 0 
0 0 0 0 0 0 0 0 0 0 -0.0066230 0 0 0 0 0 
0 0 0 0 0 0 0 0 0 0 0 4.4174320 0 0 0 0 
0 0 0 0 0 0 0 0 0 0 0 0 3.6727200 0 0 0 
0 0 0 0 0 0 0 0 0 0 0 0 0 1.6641740 0 0 
0 0 0 0 0 0 0 0 0 0 0 0 0 0 -6.0912200 0 
0 0 0 0 0 0 0 0 0 0 0 0 0 0 0 1.5353560 
0 0 0 0 0 0 0 0 0 0 0 0 0 0 0 0 -2.982269
Average 835487500
32: It's low triangle Matrix: dimension =  5 
7.279641 0 0 0 0 
4.168767 10.599445 0 0 0 
-9.186712 5.746635 -9.562273 0 0 
-3.264901 2.712027 -7.269814 -7.335185 0 
6.879086 -7.281350 0.647725 1.341807 5.830592 
Average  0.052220 
33: It's Diagonal Matrix: dimension = 7
-4.9292890 0 0 0 0 0 
0 9.7688530 0 0 0 0 
0 0 9.8143560 0 0 0 
0 0 0 -2.2003850 0 0 
0 0 0 0 -8.6252940 0 
0 0 0 0 0 4.8634910 
0 0 0 0 0 0 -7.177526
Average -1832405023
34: It's Diagonal Matrix: dimension = 9
-7.3255710 0 0 0 0 0 0 0 
0 6.6355480 0 0 0 0 0 0 
0 0 1.1790220 0 0 0 0 0 
0 0 0 4.3232220 0 0 0 0 
0 0 0 0 8.9183940 0 0 0 
0 0 0 0 0 -1.5152750 0 0 
0 0 0 0 0 0 -1.0762660 0 
0 0 0 0 0 0 0 -4.8940400 
0 0 0 0 0 0 0 0 -5.185644
Average 543892575
35: It's Diagonal Matrix: dimension = 19
-2.5778680 0 0 0 0 0 0 0 0 0 0 0 0 0 0 0 0 0 
0 4.7423630 0 0 0 0 0 0 0 0 0 0 0 0 0 0 0 0 
0 0 -2.7060460 0 0 0 0 0 0 0 0 0 0 0 0 0 0 0 
0 0 0 4.2290110 0 0 0 0 0 0 0 0 0 0 0 0 0 0 
0 0 0 0 -2.2273020 0 0 0 0 0 0 0 0 0 0 0 0 0 
0 0 0 0 0 -3.7660760 0 0 0 0 0 0 0 0 0 0 0 0 
0 0 0 0 0 0 7.6564840 0 0 0 0 0 0 0 0 0 0 0 
0 0 0 0 0 0 0 5.2127750 0 0 0 0 0 0 0 0 0 0 
0 0 0 0 0 0 0 0 1.8410600 0 0 0 0 0 0 0 0 0 
0 0 0 0 0 0 0 0 0 10.2578510 0 0 0 0 0 0 0 0 
0 0 0 0 0 0 0 0 0 0 -2.9732960 0 0 0 0 0 0 0 
0 0 0 0 0 0 0 0 0 0 0 -9.6013670 0 0 0 0 0 0 
0 0 0 0 0 0 0 0 0 0 0 0 1.5359970 0 0 0 0 0 
0 0 0 0 0 0 0 0 0 0 0 0 0 6.9899590 0 0 0 0 
0 0 0 0 0 0 0 0 0 0 0 0 0 0 -6.3360390 0 0 0 
0 0 0 0 0 0 0 0 0 0 0 0 0 0 0 -8.8656270 0 0 
0 0 0 0 0 0 0 0 0 0 0 0 0 0 0 0 5.9344160 0 
0 0 0 0 0 0 0 0 0 0 0 0 0 0 0 0 0 -3.6718650 
0 0 0 0 0 0 0 0 0 0 0 0 0 0 0 0 0 0 -7.011536
Average -2103837313
36: It's low triangle Matrix: dimension =  3 
-0.459731 0 0 
-8.990600 8.030122 0 
0.682974 -4.903012 4.692373 
Average  -0.105319 
37: It's Diagonal Matrix: dimension = 13
-3.6686610 0 0 0 0 0 0 0 0 0 0 0 
0 4.6513570 0 0 0 0 0 0 0 0 0 0 
0 0 5.9696650 0 0 0 0 0 0 0 0 0 
0 0 0 0.0369580 0 0 0 0 0 0 0 0 
0 0 0 0 -7.2896820 0 0 0 0 0 0 0 
0 0 0 0 0 4.7391580 0 0 0 0 0 0 
0 0 0 0 0 0 -8.0260630 0 0 0 0 0 
0 0 0 0 0 0 0 -9.6020080 0 0 0 0 
0 0 0 0 0 0 0 0 -7.0487080 0 0 0 
0 0 0 0 0 0 0 0 0 10.6712240 0 0 
0 0 0 0 0 0 0 0 0 0 3.3080540 0 
0 0 0 0 0 0 0 0 0 0 0 -5.2734460 
0 0 0 0 0 0 0 0 0 0 0 0 -8.160009
Average -66436917
38: It's Diagonal Matrix: dimension = 15
-7.4684900 0 0 0 0 0 0 0 0 0 0 0 0 0 
0 -1.6024350 0 0 0 0 0 0 0 0 0 0 0 0 
0 0 6.1907710 0 0 0 0 0 0 0 0 0 0 0 
0 0 0 6.9912410 0 0 0 0 0 0 0 0 0 0 
0 0 0 0 -1.5114290 0 0 0 0 0 0 0 0 0 
0 0 0 0 0 0.4964750 0 0 0 0 0 0 0 0 
0 0 0 0 0 0 -9.1136510 0 0 0 0 0 0 0 
0 0 0 0 0 0 0 -9.7705620 0 0 0 0 0 0 
0 0 0 0 0 0 0 0 1.8974580 0 0 0 0 0 
0 0 0 0 0 0 0 0 0 -4.4159370 0 0 0 0 
0 0 0 0 0 0 0 0 0 0 -3.3917970 0 0 0 
0 0 0 0 0 0 0 0 0 0 0 0.3112580 0 0 
0 0 0 0 0 0 0 0 0 0 0 0 -5.6996370 0 
0 0 0 0 0 0 0 0 0 0 0 0 0 -5.7188630 
0 0 0 0 0 0 0 0 0 0 0 0 0 0 4.265542
Average 1684662156
39: It's Diagonal Matrix: dimension = 7
1.6314890 0 0 0 0 0 
0 -6.1732540 0 0 0 0 
0 0 2.8357190 0 0 0 
0 0 0 9.4170050 0 0 
0 0 0 0 -8.8246100 0 
0 0 0 0 0 -3.0784020 
0 0 0 0 0 0 -2.472762
Average 1068718806
40: It's Square Matrix: dimension = 14
0.786798 -7.055757 -3.793634 10.702628 -6.591754 -4.915830 3.056185 6.499039 -1.462722 3.497757 7.355907 1.160436 -2.679128 0.473403 
1.546251 -0.052126 -5.254860 3.259987 -5.239479 -7.672933 3.304209 0.184362 -2.911130 -8.687460 -9.386029 -5.066439 -5.635548 -3.778253 
-6.241188 -8.354839 -4.488357 10.768639 4.641102 -5.025422 -7.024354 6.889981 -2.871395 4.782739 2.276864 8.214057 -5.729118 -4.388379 
0.210639 -5.419568 0.370220 7.600085 -9.266182 -9.487930 -9.814783 2.989532 -2.941252 -2.950865 -9.944884 -7.112156 -1.001923 3.852168 
2.213416 4.439863 -7.924802 -7.022431 -3.910276 -5.943175 -1.545396 3.236274 -9.136082 -9.123264 -3.804529 -1.468490 -8.935484 9.091433 
-4.112156 8.096774 9.488784 -7.686392 0.179235 9.029908 2.224952 0.632344 -8.763085 -1.969665 -7.936338 0.509934 -3.325785 -4.249306 
-4.930570 -6.814142 0.970092 10.664815 5.604358 9.739372 4.910276 -0.144414 -9.425764 -5.543901 0.092715 0.643239 1.195044 7.684683 
-6.987182 8.437727 -3.961547 -7.201880 -7.225593 5.742149 8.656270 0.458022 -8.052980 -9.299509 1.557146 9.804102 1.604572 -9.894894 
-2.179235 8.745994 2.082034 10.259133 0.121555 -1.992737 -3.531510 -5.389447 -5.546464 -6.924375 7.384106 -6.437300 10.337321 3.717582 
-5.946379 6.356761 9.778466 2.213416 -7.769707 -5.550951 -3.224525 6.973937 -8.022858 9.275369 -6.356548 -1.318522 2.855586 9.816919 
2.945952 5.630634 10.543046 5.870968 0.305490 -8.595813 1.412305 -2.570177 -7.110233 7.562273 -9.887204 10.083529 -0.162999 -7.522965 
-4.335185 -9.161077 10.409742 -6.004700 6.120914 -9.723136 7.165563 8.060884 3.308054 -3.562273 4.910276 0.967528 3.694510 -6.645589 
3.730399 0.400342 -2.095920 8.633839 -4.125614 3.907285 -3.088656 8.992096 8.771630 9.972655 4.453322 -3.849391 8.962615 4.341166 
-2.321512 -5.995727 6.234993 -3.249519 8.581927 6.456099 -6.270028 3.727836 10.234138 -6.164281 0.312540 9.604785 -5.640034 10.309122 
Average -0.147909
41: It's low triangle Matrix: dimension =  2 
-6.025208 0 
5.099979 0.097201 
Average  -0.207007 
42: It's Diagonal Matrix: dimension = 14
6.8278150 0 0 0 0 0 0 0 0 0 0 0 0 
0 -2.4105960 0 0 0 0 0 0 0 0 0 0 0 
0 0 0.1753900 0 0 0 0 0 0 0 0 0 0 
0 0 0 -9.0309760 0 0 0 0 0 0 0 0 0 
0 0 0 0 -9.0675070 0 0 0 0 0 0 0 0 
0 0 0 0 0 -8.4875030 0 0 0 0 0 0 0 
0 0 0 0 0 0 -5.6618240 0 0 0 0 0 0 
0 0 0 0 0 0 0 6.7291180 0 0 0 0 0 
0 0 0 0 0 0 0 0 2.7581710 0 0 0 0 
0 0 0 0 0 0 0 0 0 -4.8357190 0 0 0 
0 0 0 0 0 0 0 0 0 0 -6.3168130 0 0 
0 0 0 0 0 0 0 0 0 0 0 -6.2495190 0 
0 0 0 0 0 0 0 0 0 0 0 0 -3.3418070 
0 0 0 0 0 0 0 0 0 0 0 0 0 -1.838282
Average 1578042689
43: It's Square Matrix: dimension = 2
2.960692 -0.207862 
-4.050630 0.427259 
Average -0.217635
44: It's Diagonal Matrix: dimension = 5
6.2792140 0 0 0 
0 -0.3866700 0 0 
0 0 -7.2755820 0 
0 0 0 -2.8008970 
0 0 0 0 -2.604144
Average -1052409204
45: It's Square Matrix: dimension = 9
-0.150822 -9.673147 3.313181 -9.789789 4.116855 -2.382397 2.909421 -3.212989 10.988464 
0.109378 -4.604999 0.622730 7.081606 8.589618 4.979492 0.877163 0.058107 -4.835719 
-6.423841 4.602649 6.871395 -5.867550 -8.681051 -5.170904 -5.352916 8.969024 10.716727 
1.718009 -4.654347 6.970092 -8.143345 -3.431532 -4.139714 -0.427686 -5.426618 10.962188 
-7.281991 6.886776 2.961333 -9.180303 2.025636 9.479171 -0.829524 -2.339457 -6.173894 
0.920103 7.868618 -6.167486 3.525956 -7.849818 -8.717582 -7.990814 -9.472549 -2.824610 
10.232856 -5.275369 -9.242470 -1.864559 6.050417 0.231147 7.216193 3.270882 -3.198248 
4.459731 -3.785943 6.822687 0.716300 2.364666 2.468490 6.397778 -2.780389 2.439650 
2.687033 -8.179876 -5.508011 -5.327921 -6.184149 -1.981841 9.948302 -9.266823 -9.395642 
Average -0.490850
46: It's low triangle Matrix: dimension =  5 
-5.152318 0 0 0 0 
-8.024781 -9.675710 0 0 0 
8.641530 -2.571459 -5.124119 0 0 
4.534074 5.769707 2.315317 1.778893 0 
-6.988464 1.171331 0.426618 -7.972869 3.914335 
Average  -0.678317 
47: It's Square Matrix: dimension = 4
-7.632557 -8.802179 6.709891 -8.864345 
6.570177 5.846614 5.637684 -1.169836 
-9.234138 -9.724418 7.704550 8.312754 
-2.984832 0.211280 -2.452895 -1.254433 
Average -0.695418
48: It's low triangle Matrix: dimension =  3 
-6.455245 0 0 
-8.244606 -4.080111 0 
9.909848 -1.637684 0.628498 
Average  -1.097700 
49: It's Square Matrix: dimension = 1
-3.448195 
Average -3.448195
50: It's low triangle Matrix: dimension =  1 
-5.539415 
Average  -5.539415 

Time sorted: 0.011000s

Time after clearing: 0.011000s
