Filled Container:
Container contains 2 elements
1: It's Square Matrix: dimension = 5
1.000000 2.000000 3.000000 4.000000 5.000000 
6.000000 7.000000 8.000000 9.000000 10.000000 
11.000000 12.000000 13.000000 14.000000 15.000000 
16.000000 17.000000 18.000000 19.000000 20.000000 
21.000000 22.000000 23.000000 24.000000 25.000000 
Average 13.000000
2: It's low triangle Matrix: dimension =  5 
1.000000 0 0 0 0 
6.000000 7.000000 0 0 0 
11.000000 12.000000 13.000000 0 0 
16.000000 17.000000 18.000000 19.000000 0 
21.000000 22.000000 23.000000 24.000000 25.000000 
Average  9.400000 

Time: 0.003000s
